=====file=====
17.83
18.20
21.91
20.97
33.92
29.59
24.99
28.07
35.87
31.00
34.26
31.28
25.80
26.47
29.91
30.23
20.21
21.86
27.27
482.36
=====class=====
20.69
14.22
32.74
34.17
33.39
33.47
25.03
23.58
24.83
26.77
25.88
24.76
22.52
20.59
26.76
27.12
27.20
23.48
25.45
467.20
=====method=====
14.36
14.88
18.21
14.31
22.04
17.39
21.20
20.68
23.41
18.22
20.86
19.79
31.55
26.07
24.21
24.74
28.52
25.04
21.03
385.46
=====block=====
26.08
26.10
25.47
21.81
23.28
24.58
18.70
17.10
17.56
13.82
26.08
24.89
21.84
18.99
17.87
21.70
24.81
19.19
21.83
389.87
