=====file=====
8.26
7.43
20.92
7.81
42.57
33.47
70.56
38.44
232.99
172.74
255.42
187.03
31.78
30.59
200.26
119.83
12.87
15.76
35.96
1488.74
=====class=====
16.50
8.95
181.66
242.85
297.39
217.90
20.94
44.32
119.05
66.48
25.75
26.51
79.76
33.13
29.25
25.15
86.80
34.28
39.30
1556.67
=====method=====
8.31
7.46
11.78
4.21
10.90
14.98
20.91
18.62
12.72
6.14
19.43
10.92
102.87
53.12
140.88
105.98
50.85
58.59
16.80
658.66
=====block=====
185.88
78.08
32.58
15.45
40.24
29.25
6.23
8.44
13.45
6.14
19.66
12.79
43.75
24.90
10.37
12.33
33.52
7.95
17.55
581.01
