=====file=====
7.05
7.13
9.35
8.51
9.60
9.43
17.55
15.53
16.53
14.39
152.56
99.42
8.13
8.30
26.61
28.74
7.90
7.79
9.52
454.51
=====class=====
8.20
8.13
15.99
20.72
140.53
90.09
8.83
8.55
20.58
20.35
8.07
8.43
16.01
12.21
8.40
8.24
18.18
9.84
11.02
431.35
=====method=====
7.86
7.42
7.89
7.64
7.99
7.96
8.61
9.45
7.88
7.67
8.29
8.29
11.75
8.99
21.73
38.81
10.73
11.14
8.29
200.09
=====block=====
30.69
21.68
8.33
7.87
10.48
13.73
8.13
8.88
12.96
7.78
7.69
7.59
9.77
8.41
7.84
8.83
9.72
9.85
8.85
200.23
