=====file=====
32.09
29.44
91.74
44.41
339.16
305.71
323.94
441.85
959.19
798.98
1470.47
1522.26
74.86
133.39
490.75
453.73
80.34
45.20
314.82
7637.51
=====class=====
70.14
24.24
1064.72
1252.39
1323.81
1661.48
61.82
140.06
368.35
416.18
71.37
133.02
340.69
280.86
163.23
138.14
456.85
106.61
222.04
8073.94
=====method=====
37.33
22.12
59.63
14.51
49.47
38.71
92.88
82.13
74.54
33.45
87.25
78.59
521.46
218.66
321.94
951.46
341.50
385.63
80.36
3411.25
=====block=====
556.12
619.28
140.60
80.70
171.92
304.35
100.01
75.84
223.15
34.96
148.41
82.01
166.31
102.21
27.63
43.47
99.28
135.29
118.75
3111.54
