=====file=====
5.35
7.42
4.71
3.92
12.61
14.74
15.37
17.95
41.41
31.90
55.94
21.61
32.48
12.92
21.71
23.67
9.50
11.65
15.05
344.85
=====class=====
5.94
6.59
34.19
36.14
25.07
24.45
10.74
11.54
12.22
14.19
12.49
9.75
11.32
10.72
10.58
10.99
13.93
12.39
11.88
273.24
=====method=====
6.28
9.94
5.15
3.96
7.10
11.57
5.70
6.34
7.94
8.08
6.24
6.69
24.57
13.36
13.54
13.21
17.42
15.44
8.01
182.53
=====block=====
14.26
18.20
12.93
9.55
8.72
10.71
13.52
7.45
6.52
8.18
18.97
17.05
12.75
9.92
14.00
9.49
7.95
4.29
10.32
204.47
