=====file=====
7.21
7.95
10.86
9.60
23.37
19.92
23.81
23.31
60.48
47.30
100.24
133.62
17.68
21.50
47.51
48.82
15.07
15.38
22.40
633.63
=====class=====
15.41
21.36
67.77
70.67
111.14
110.50
13.06
13.41
30.90
34.02
12.71
12.98
25.80
204.95
11.81
11.02
23.07
19.35
22.22
809.91
=====method=====
9.46
9.49
9.90
8.26
11.44
9.83
12.04
13.07
10.05
9.74
12.11
12.43
32.02
20.71
68.98
50.65
27.59
29.46
12.08
357.23
=====block=====
33.80
34.56
12.75
10.96
14.58
19.55
10.46
11.08
16.56
10.03
12.53
11.08
22.05
13.79
11.57
10.98
15.26
12.61
12.68
284.18
