=====file=====
31.21
26.68
43.93
43.06
226.65
164.87
180.78
211.52
1110.70
790.39
1077.51
880.00
171.27
175.27
583.72
936.47
70.96
77.83
178.02
6802.80
=====class=====
66.48
65.22
1083.12
1071.49
921.04
1179.89
115.73
135.80
406.04
570.10
132.01
128.25
289.42
246.10
126.32
133.53
433.40
203.38
224.74
7307.34
=====method=====
32.29
31.06
38.59
23.03
75.82
51.98
92.63
113.15
72.27
43.79
111.60
79.91
696.59
290.02
413.99
556.97
562.31
434.84
86.27
3720.85
=====block=====
443.83
390.72
161.49
79.16
117.60
172.20
42.10
38.13
62.34
29.96
165.05
111.11
1869.04
188.20
112.34
81.34
117.32
96.11
114.83
4278.04
